_x = -2303.714843
_y = 2380.209472
_z = 2.685444
_rot = 20.000000
_range = 10
_limit = 100
_fine = 50
_usemph = 0
_activelabel = true
_labeltxt = Â·¶ÎÏÞËÙ100KM/H
