_x = -2542.312744
_y = 2405.035644
_z = 11.875000
_rot = 100.000000
_range = 10
_limit = 80
_fine = 50
_usemph = 0
_activelabel = true
_labeltxt = ÏÂÆÂÊÂ¹Ê¶à·¢µãÏÞËÙ80KM/H
