_x = -2309.795410
_y = 1047.458374
_z = 52.726562
_rot = 250.443603
_range = 20
_limit = 150
_fine = 50
_usemph = 0
_activelabel = true
_labeltxt = ËíµÀÏÞËÙ150KM/H
