_x = -2519.276367
_y = 2264.473876
_z = 1.982414
_rot = 230.000000
_range = 10
_limit = 80
_fine = 50
_usemph = 0
_activelabel = true
_labeltxt = ×ªÍäÂ·¶ÎÏÞËÙ80KM/H
