_x = -2596.068115
_y = 2437.406738
_z = 11.870138
_rot = 60.000000
_range = 20
_limit = 80
_fine = 50
_usemph = 0
_activelabel = true
_labeltxt = ×¡Õ¬ÇøÏÞËÙ80KM/H
