_x = -2474.111572
_y = 2380.512207
_z = 8.968989
_rot = 10.000000
_range = 10
_limit = 80
_fine = 50
_usemph = 0
_activelabel = true
_labeltxt = ÏÞËÙ80KM/H
