_x = -2414.245605
_y = 2428.329101
_z = 9.353508
_rot = 244.806213
_range = 10
_limit = 120
_fine = 50
_usemph = 0
_activelabel = true
_labeltxt = ½»Í¨ÒªµÀ£¬ÏÞËÙ120KM/H
