_x = -2426.023437
_y = 2439.561767
_z = 10.229280
_rot = 74.983093
_range = 20
_limit = 120
_fine = 50
_usemph = 0
_activelabel = true
_labeltxt = ½»Í¨ÒªµÀ£¬ÏÞËÙ120KM/H
