_x = -2647.787841
_y = 1192.938354
_z = 52.578125
_rot = 10.000000
_range = 20
_limit = 150
_fine = 50
_usemph = 0
_activelabel = true
_labeltxt = Ç°·½ÊÕ·ÑÕ¾£¬Çë¼õËÙÂýÐÐ ÏÞËÙ150KM/H
