_x = -2666.697753
_y = 1585.976440
_z = 61.009277
_rot = 337.257446
_range = 20
_limit = 200
_fine = 50
_usemph = 0
_activelabel = true
_labeltxt = ÏÞËÙ200KM/H
